   5.8045294e-01   9.6570931e-01
   1.0101383e+00   3.9152260e-01
  -4.1251308e-01   9.6435345e-01
  -2.0477262e+00   1.5029133e+00
  -1.3130763e+00   1.6049016e-01
  -6.2352642e-01   3.7779862e-01
   1.8841870e+00   1.1210070e+00
   2.5608726e+00  -1.4935448e+00
   3.2966895e-01  -1.1184212e+00
  -1.1982074e+00   7.4402510e-01
   7.1916729e-01   1.2625977e+00
  -3.6946331e-01   1.4573214e+00
  -7.3522039e-01   7.0942551e-02
  -4.8153116e-01   1.3661593e+00
  -7.9246235e-01   1.1771839e+00
  -4.7942130e-01   2.1019168e+00
  -9.7397480e-01   1.1717627e+00
   1.4729188e+00   1.7413121e+00
   1.8151576e+00  -1.5474719e+00
   8.8380117e-01  -5.0732759e-01
   1.7479856e+00  -1.5154182e+00
   1.9604465e+00  -1.2197948e+00
   1.4046949e+00   3.1155851e-01
   1.5388580e+00  -6.0145592e-01
   1.7669388e+00   1.5305248e+00
   5.0268162e-01   2.1615715e+00
   1.6896004e+00   2.3837205e+00
   9.0202537e-01  -1.5520722e+00
   1.9550026e+00  -9.2371759e-01
   8.9559517e-01   1.4085228e-01
   2.1637538e+00  -6.9492491e-01
   6.6492835e-01   1.6883665e+00
   2.0329010e+00   1.4056097e+00
  -6.6462425e-02   1.0699721e+00
   2.0575501e+00  -1.0426536e+00
   1.7641848e+00  -1.1735981e+00
   1.3682110e+00  -7.0215410e-01
   6.8923455e-01   1.2431777e+00
  -4.9757441e-01   1.2931282e+00
  -8.7583821e-01   2.0965861e+00
  -2.4494381e+00  -6.6670941e-01
  -1.9941401e+00  -2.1346669e+00
  -1.1805026e+00  -1.0556539e+00
  -1.6582042e+00  -1.4986083e+00
   1.1382356e+00   1.2416133e+00
   1.2475840e+00  -8.4852647e-01
  -1.7006457e+00   1.8320271e+00
  -7.3580197e-01   6.1557014e-01
   1.3590525e-01  -7.4858652e-01
  -9.6221693e-01   8.8624224e-01
  -7.2991247e-01   5.2663372e-01
  -1.1421970e+00   4.8806782e-02
  -1.5328412e+00   1.1181801e+00
  -1.8227418e-01   1.2335323e+00
  -9.8439867e-01   1.1670771e+00
  -9.7869818e-01  -2.4330452e+00
  -1.1252052e+00   1.9127374e-01
  -6.9126032e-01  -1.7821321e+00
  -9.3181186e-01  -1.3973937e+00
  -4.6356611e-01   1.3128803e+00
  -4.4975135e-01   2.8002656e-01
  -1.3033614e+00   1.3328384e+00
  -2.1122045e+00   9.4644598e-01
   1.1556350e+00  -1.6652986e+00
   1.4728756e+00  -6.0310845e-01
   1.5495824e+00  -1.0389493e+00
   8.9845973e-01  -1.2661271e+00
   2.0793804e+00  -7.3739476e-01
   1.0405391e+00  -2.0067850e+00
   1.8578999e+00   7.5154899e-02
   1.3314659e+00  -1.5886952e+00
   8.5098746e-01   5.4112401e-01
   2.7948094e-01   2.7439841e+00
   6.4372171e-01   8.1314263e-01
   3.3329344e-01  -2.2466066e-01
   1.2002528e+00   1.0950850e+00
  -2.5801711e-02   1.3531129e+00
   1.0839996e+00   1.8407891e+00
   7.6082126e-02   1.7929839e+00
   1.7468363e+00   2.1648244e+00
   1.3303502e+00   2.6346423e+00
   1.4308357e+00   1.2057100e+00
  -2.4728987e+00   1.3403739e+00
  -8.3586580e-01   9.0764028e-01
  -6.3490712e-01   1.3961919e+00
  -1.2812987e+00   2.0467295e+00
  -5.5617734e-01   1.3228493e+00
  -7.1212961e-01   1.0603360e+00
   1.6610763e+00  -2.0206584e+00
  -1.0156941e+00   7.7976132e-01
  -9.4438450e-01   1.8612035e-01
  -1.7073594e+00   8.6251354e-01
  -1.6438008e+00   1.2287554e+00
  -1.0467766e+00   7.9154799e-01
  -2.4092829e+00   1.0570698e+00
  -9.0217671e-01  -1.1787145e+00
   8.1626123e-02  -1.7583034e+00
  -6.8422519e-01  -1.4937734e+00
  -2.0426628e+00  -2.1387778e+00
   1.6470796e+00   1.0991525e+00
   6.5211857e-01   1.0588790e+00
   8.4010986e-01   1.6359197e+00
   1.5031313e+00  -7.4935462e-01
   1.8345465e+00  -2.6476755e+00
   1.0876946e+00  -1.3412191e+00
   1.4585572e+00  -6.8328788e-01
   2.9527654e+00  -1.5339557e+00
   1.6857671e+00  -7.3724662e-02
  -7.5236465e-01   1.7470074e+00
  -1.1860485e+00  -1.3618027e+00
   3.8244966e-02  -1.6221250e+00
  -1.6344844e+00  -8.2400496e-01
  -4.1589163e-02  -1.2966783e+00
  -1.7374057e+00  -8.8992349e-01
  -1.0258209e+00  -3.0298941e-01
  -1.3548570e+00  -1.3003663e+00
  -1.6153039e+00  -7.0099616e-01
  -4.1889053e-01  -1.7866617e+00
  -8.7612234e-01  -1.1035692e+00
   3.6520849e-01  -1.9337459e+00
  -1.7413073e+00   1.7595876e-01
  -1.2657290e+00  -1.3543058e+00
  -1.9398938e-01  -1.1999807e+00
  -1.1691815e+00  -1.7485123e-01
  -8.1274976e-01  -1.8234999e+00
  -8.3278198e-01  -1.8739528e+00
  -1.2936424e-01  -3.4049894e-01
  -1.1611193e+00  -1.8533946e+00
   2.3804915e-01  -2.4174811e+00
  -5.1187071e-01  -5.0891704e-01
  -8.1579539e-01  -2.5565032e-01
  -8.1815843e-01  -5.1601280e-01
  -9.4053400e-01  -1.2650496e+00
  -3.7927786e-01   4.3587520e-02
  -1.2931288e+00  -1.7909860e+00
  -2.5607770e+00  -1.0509481e+00
   1.3706064e-01  -2.3811862e-01
  -1.8830563e+00  -1.4120874e+00
  -1.6237900e+00  -1.2458635e+00
  -7.9827713e-01  -7.8038813e-01
  -9.5595695e-01  -7.6169711e-01
   1.9959422e+00   2.4471234e+00
   7.5652540e-01   1.8749047e+00
   1.7248398e+00  -1.2763241e+00
  -8.4006253e-01   1.2648987e+00
  -1.4611462e+00  -1.8324440e-01
  -6.6984666e-01  -1.1200560e+00
  -1.1429697e+00  -1.1822013e+00
  -6.7321802e-01  -1.2667365e+00
  -3.1785507e-01  -9.9562396e-01
  -1.4223488e+00  -1.2953087e+00
  -1.7596962e+00  -1.4616784e+00
  -1.8272253e+00  -1.1844740e+00
  -1.6873391e+00   1.7922600e-02
  -4.2061471e-02  -1.3318018e+00
  -1.4086969e+00  -2.5349052e-01
  -1.8574450e-01  -1.4664554e-01
  -1.1278330e-01  -7.8988370e-01
  -1.1625300e+00  -8.7481348e-02
  -1.0713033e+00  -1.1915296e+00
  -1.3707999e+00   2.0558354e-01
  -1.7729458e+00  -1.0806999e+00
  -1.2423462e+00  -9.7700539e-01
   3.0798472e-01  -1.3981533e+00
  -5.7223270e-01  -7.5118663e-01
  -1.3224185e+00  -1.6091303e+00
  -1.1976611e+00  -1.4346946e+00
  -1.0370435e+00  -7.5307338e-01
  -2.0441038e+00  -6.3436679e-01
  -1.3710082e+00  -1.2067284e+00
  -6.8036105e-01  -1.3674877e+00
  -5.1903988e-01  -5.6009115e-01
  -5.7693495e-01  -2.1037275e+00
   9.4819655e-01  -4.9186952e-01
   1.9361883e+00  -9.9468641e-01
  -6.8547052e-01   7.4986229e-01
   2.7978241e-01   2.8780396e-01
   3.9452615e-01   9.3154086e-01
  -1.2383425e+00   1.1907088e+00
  -6.6706181e-01   7.2391484e-01
   8.7225070e-01   1.4848546e+00
   4.0714918e-01   1.7997896e+00
   1.6177477e+00   1.0593095e+00
   2.8637065e-01   1.3991215e+00
   1.1735370e+00   1.4032655e+00
  -5.6602166e-01   5.6751188e-01
  -5.7211528e-01  -9.1709222e-01
  -1.3391677e+00  -1.4893902e+00
  -1.1290055e+00  -1.0799361e+00
  -8.9971056e-01  -1.0892023e+00
  -1.2591592e+00  -1.8341932e+00
   1.2385959e-01  -1.3726005e+00
  -5.4518757e-01  -1.1799190e+00
  -1.1284216e+00  -1.4467241e-01
  -1.2712356e+00   2.6527420e-01
  -1.3080778e+00  -1.5375202e+00
  -1.4673852e+00  -4.0894557e-01
  -1.8229962e+00  -1.0482128e+00
  -1.4784567e+00  -2.3258163e-01
  -1.2291632e+00  -2.0390169e+00
  -7.3037976e-01   1.4381415e+00
  -6.0971001e-01   7.2675040e-01
   1.0770660e+00  -8.4296479e-01
   2.1231138e+00  -3.7203633e-01
   1.2938394e+00  -5.8078745e-01
   1.5146175e+00  -1.2643383e+00
  -6.9146217e-01   1.4170966e+00
  -1.5799702e+00   1.0728534e+00
   9.5749269e-01  -2.8421737e+00
   1.5250594e+00  -1.7398237e+00
   6.4440401e-01  -4.1640706e-01
   1.9749761e+00  -1.5555934e+00
  -1.0168247e+00   1.7378449e+00
  -1.0893191e+00   1.4716909e+00
  -6.0661767e-01  -5.8146035e-01
  -5.6233045e-01   2.3042222e-01
   4.2220884e-02  -1.0193806e-01
  -1.7057191e+00   2.3266967e+00
  -8.6392524e-01   1.7257172e+00
  -1.0517554e+00   1.9560027e+00
  -1.2058742e+00   2.3248681e+00
  -1.1458420e+00   1.2500271e+00
  -2.0148264e-01   1.9212287e+00
  -1.4593970e+00   1.5469846e+00
  -1.5432525e+00   3.9288360e-01
  -3.6080858e-01   1.4566152e+00
   4.2777077e-01   1.2918475e+00
  -1.3305291e+00   3.5752966e-01
  -1.4045506e+00   9.2079734e-01
  -1.0930299e+00   1.8560833e+00
   1.4227990e+00  -6.7088635e-01
   2.3293821e+00  -1.6488964e+00
   2.6944698e-01  -1.0527044e+00
   1.6644435e+00   4.0216414e-01
   2.1026872e+00  -4.2701908e-01
   2.1535849e+00  -4.1354685e-01
   1.1348089e+00  -1.5197647e+00
   7.6647800e-01   2.0066932e-01
   1.0450004e+00  -1.4881869e+00
   5.5733750e-01   9.9517061e-01
  -7.1500180e-01   1.1041070e+00
  -6.3008160e-01   1.0820059e+00
  -4.5526918e-01   1.4019837e+00
  -1.6220904e+00   1.4077616e+00
   6.3474441e-01   2.4147591e+00
   1.6149916e+00   1.6120328e+00
   1.2035158e+00   1.4661990e+00
   1.2434698e+00   2.3800688e+00
   4.7880443e-01   1.3878122e+00
   1.5806327e+00   1.2007184e+00
   2.7024679e-01   2.2742765e+00
   1.4447653e+00   3.3203937e-01
   1.8411003e-01   6.2782361e-01
   1.5943543e+00   1.9821963e+00
   1.1040042e+00   1.1742657e+00
   1.5471127e+00   1.3277782e+00
   8.8457048e-01   9.3824465e-01
   1.2713334e+00   1.3336579e+00
   1.3345732e+00   6.8752523e-01
   7.8578585e-01   1.1948919e+00
   1.1199259e+00   1.7526162e+00
  -1.4135575e+00   8.2727971e-01
  -1.5549281e+00   1.9938681e+00
  -1.5935622e+00   7.7315975e-01
  -3.4533827e-01   1.7207062e+00
  -6.5508399e-01   9.1600629e-01
  -4.4898229e-01   6.7548289e-01
  -9.0781808e-01   3.8395122e-01
  -1.6171249e+00   1.8349523e+00
  -8.5151787e-01   8.2932721e-01
  -8.7914646e-01   1.2413295e+00
   1.7945671e+00   1.3953480e+00
   1.0924288e+00   1.4274964e+00
   9.3908341e-01   7.5119812e-01
   8.1328833e-01   1.9062641e+00
   8.7363711e-01   1.7960962e+00
   1.5164263e+00   2.3000339e+00
  -1.4674482e+00   1.3564336e+00
  -2.8840070e-01   2.3078394e+00
  -6.5691664e-01   3.5476340e-01
  -5.9118265e-01   9.0104795e-02
  -7.8345588e-01   4.3561645e-01
  -5.7680071e-01  -5.5302265e-01
   5.8248835e-02  -5.0344950e-01
  -1.0025857e+00  -1.7209428e+00
  -1.6158093e+00  -4.2861642e-01
  -1.2780886e+00  -1.6869389e+00
  -9.7099992e-01  -7.6917669e-01
  -4.2776149e-03   6.5938237e-01
  -7.6272826e-01   3.9353310e-02
   1.2145154e+00  -1.9599546e+00
  -1.6341412e+00   1.5730801e+00
  -2.6788089e+00   1.0092947e+00
  -1.3505940e+00   1.5339684e+00
  -3.8942278e-01   6.0703161e-01
  -1.5881968e+00   7.5352143e-02
  -6.2453717e-01   1.6558978e+00
  -1.7131412e+00  -9.2217466e-04
  -1.8420452e+00   1.3847336e+00
  -1.9441610e+00   1.3856205e+00
  -7.3227680e-01   1.8418341e+00
  -8.3258258e-02   8.7824064e-01
  -2.8888425e-01   1.1193756e+00
  -1.6719092e+00   1.1040445e+00
  -1.1085877e+00  -2.7389757e-01
  -1.1576992e+00   8.1566138e-01
  -2.3419875e+00   1.8632415e+00
  -1.2830535e+00  -2.8045284e-02
  -1.7333620e+00  -7.0784276e-01
  -8.4842861e-01  -5.0131242e-01
  -2.1126656e+00  -1.2187068e+00
  -1.9267544e+00  -1.8750676e+00
  -1.7563746e+00  -1.0494532e+00
  -1.6445478e-01  -1.3926688e+00
  -1.2335050e+00  -1.4511411e+00
  -8.3440458e-01  -2.3517361e-01
  -1.8523140e+00  -9.6032779e-01
  -1.3966966e+00  -1.6512085e+00
  -8.8153884e-01  -1.3544071e+00
  -2.0471849e+00  -1.1618939e+00
  -8.5943668e-01  -1.1176698e+00
  -8.5551526e-01  -5.4127454e-01
  -1.1647005e+00  -7.1931134e-01
  -1.3978423e+00  -2.6528655e-01
  -3.2115388e-01  -1.3034529e+00
   6.4447526e-01   1.8183522e+00
  -6.0958624e-01  -5.9524395e-01
   1.1245562e+00  -2.4894725e+00
   1.6106017e+00  -1.2227203e+00
   8.2008298e-01  -8.5565355e-01
   9.3109259e-01  -7.1030568e-01
   2.4232591e+00  -1.2379422e+00
   9.7536820e-01  -2.1001015e-01
   1.9243066e+00  -9.1099016e-01
   1.8460221e+00  -5.1088830e-01
   1.3979355e+00  -9.4183794e-01
   1.7085058e+00  -3.6604152e-01
   1.3318399e+00  -4.5864479e-01
   2.4859421e+00  -2.6506925e-01
  -1.3258129e+00   1.6097928e+00
  -8.8863909e-01   7.4912176e-01
  -2.4603459e-01   2.2374962e+00
  -1.0605629e+00   9.1665963e-01
   4.6873267e-01   1.6594830e+00
   1.6139000e+00  -5.4826406e-01
   2.4900787e+00  -4.1984578e-01
   1.9543402e+00   2.4057520e+00
   1.5983787e+00   7.0585649e-01
   1.1587746e+00   2.2492200e+00
  -1.9847683e+00   1.2170068e+00
  -1.0546038e+00   1.2650381e+00
  -1.8945304e+00  -1.2306153e-01
  -1.4665550e+00   2.7330602e-01
  -1.1753952e+00   1.0291297e+00
  -1.3630341e+00   1.7624586e+00
  -1.0167846e+00  -3.6118317e-01
  -2.4133817e-01  -2.6803541e-01
  -1.0958019e+00   4.7357290e-01
  -2.1583977e-01   6.1304710e-01
   9.8041541e-03   5.9200810e-01
  -1.4215829e+00   9.9910522e-01
  -1.3101693e+00  -7.2233829e-01
  -4.0376218e-01  -8.8191272e-01
  -7.5725690e-01  -1.7368628e+00
  -8.2615647e-01  -1.4387371e+00
  -9.8967624e-01  -2.1776573e+00
  -1.5604246e+00  -1.1883618e+00
  -8.7818065e-01  -4.2249456e-02
  -1.0437875e+00  -1.1147469e+00
  -9.6675192e-01  -4.6561042e-01
   1.6426959e-01  -6.8382897e-01
  -1.3427436e-01  -2.2848297e-01
  -1.0306617e+00  -1.8653697e+00
  -7.5332126e-01  -1.0436463e+00
  -6.8313500e-01  -2.1691382e+00
  -2.3750384e+00  -8.6736997e-01
  -1.7795563e+00   2.1334758e-01
  -1.3424773e+00  -1.4611742e+00
  -6.5660323e-01  -1.0841294e+00
  -3.9762581e-01  -8.8592200e-01
  -5.7500597e-01  -6.0507934e-01
  -1.1168767e+00   2.7568815e-02
  -1.1942247e+00  -4.2850609e-01
  -1.4341658e+00  -1.9723961e+00
  -6.1051584e-01  -1.1366840e-01
  -1.0523094e+00  -2.1605415e+00
   2.7805862e+00   2.7110058e+00
   1.1399899e+00   1.8813335e+00
   3.2400757e-01   7.5584105e-01
   2.8626374e-01   5.6026320e-01
   1.3450775e+00   1.5215273e+00
  -1.5191073e-03   1.6266785e+00
   7.1539950e-01   1.8185741e+00
   9.9549856e-01   1.3004776e+00
  -4.8831112e-01   1.6516084e+00
   7.8292195e-01   7.0617958e-01
   6.7607497e-01   2.0275882e+00
  -5.1323816e-01   9.7476945e-01
   1.2349314e+00   2.5213314e+00
  -2.9017567e-01   4.7416398e-01
  -5.0910349e-01   1.2762737e+00
  -1.7092412e+00  -2.1588131e-02
   8.2000522e-01   4.0610384e-01
   1.1863641e+00   1.2994210e+00
   9.3820877e-01   1.3360233e+00
   1.6329449e+00   1.4003690e+00
   7.5891141e-01   1.4174749e+00
  -1.2348480e+00   1.6121115e+00
  -1.0870930e+00   9.4906478e-01
  -1.3358868e+00   4.7677087e-01
  -1.9095996e+00   1.7560607e+00
  -1.3735354e+00   7.7083829e-01
  -7.8479992e-01   4.1553605e-01
  -4.4711931e-01   1.6989888e+00
  -5.4807259e-01  -1.3185455e+00
   1.3443966e+00  -2.0213161e-01
   1.8344854e+00  -1.5127633e+00
   1.2748320e+00   8.6506356e-02
   1.6659070e-02   2.4633291e-01
  -1.5258242e+00  -8.3947382e-01
  -6.7035995e-01  -1.1623656e+00
  -1.1015734e-01  -2.2778221e-01
  -2.2162568e-01  -4.2282525e-01
   1.0569741e+00   1.6401767e+00
   1.3258414e+00   3.9807877e-01
   9.6131018e-01   1.3187239e+00
   3.7381965e-02   1.1427419e+00
  -2.8860873e-01  -6.2340116e-02
  -4.9818667e-01  -3.9247106e-01
  -2.1130228e+00   1.3967294e+00
  -1.0180540e+00   1.1321530e+00
  -1.2441532e+00   2.2385956e+00
  -9.3080130e-01  -1.8283850e+00
  -1.3916476e+00  -1.0264303e+00
  -4.4803296e-01  -6.1018896e-01
  -1.5825559e+00  -2.0500133e+00
  -5.7607085e-01  -1.4084738e+00
  -7.8076151e-01  -1.8193209e+00
  -1.8295160e-01  -1.3569786e+00
  -9.8511421e-01  -1.6114606e+00
  -1.7618751e+00  -5.4981747e-02
  -4.1825328e-02  -1.0165736e+00
  -3.8772525e-01  -1.1880703e+00
  -9.8064956e-01  -1.0402576e+00
  -9.9594410e-01  -2.0333280e+00
  -1.3099579e+00  -2.1755583e+00
  -1.3928721e+00   1.5965725e+00
  -1.8097340e+00   1.0183834e+00
   6.1185347e-01   1.0790200e+00
  -1.0643456e+00   1.2304578e+00
  -8.4118283e-01   6.8861043e-01
  -6.7854556e-01   2.9257544e-01
  -1.7481870e+00   4.0026506e-01
  -2.6320152e-01  -1.8067016e+00
  -1.3444682e+00  -8.7943656e-01
  -1.8264787e+00  -7.7669365e-01
  -1.8425271e+00  -9.9828504e-01
  -5.6510324e-01  -5.4916564e-01
  -6.5287263e-01  -1.9890162e+00
  -2.2393273e+00  -2.4739823e-01
  -6.1600981e-01  -1.0468694e+00
  -2.0178798e-01  -1.5944462e+00
  -6.8437815e-01  -1.4066575e+00
  -1.6345456e+00  -1.6239230e+00
   2.4226415e-02  -4.9412738e-02
  -9.0485460e-01  -9.9724775e-01
  -5.4686848e-01  -1.7917023e+00
  -7.0634884e-01  -1.5612428e+00
   1.0261860e+00   1.2419969e+00
   4.4139049e-01   5.3088740e-01
   5.5235097e-01   2.1803857e+00
   2.2373598e+00   1.9613072e+00
   1.7604212e+00   1.8732250e+00
  -1.8555473e+00   3.5028623e-01
   2.0209587e-01   3.4244461e-01
  -1.8727064e+00   1.7138174e+00
  -2.2297046e-01   6.0875762e-01
   1.1163625e+00  -1.1547925e+00
   2.5379281e+00  -1.9430687e+00
   7.9108311e-01  -6.7675963e-01
  -9.2668390e-01   8.0011458e-01
   7.3234521e-01   9.5129758e-01
  -1.0658567e+00   4.1787081e-01
  -8.7814247e-01   1.8895692e+00
  -1.4431082e+00   4.7246781e-01
  -1.9142140e+00  -1.0289086e+00
  -6.2362745e-01  -3.5991533e-01
  -1.1680757e+00  -1.7173482e+00
  -2.1500541e+00  -2.1453357e+00
  -8.3563108e-01  -8.6547130e-01
  -7.1075177e-01  -1.4717827e+00
  -1.7190809e+00  -4.6074654e-01
  -1.8626572e+00  -9.9131712e-01
  -1.8909987e+00  -1.4983845e+00
  -1.2383528e+00  -4.4052043e-01
  -1.0152368e+00  -7.7501419e-01
  -1.3095310e+00  -3.1914209e-02
  -1.1914410e+00  -9.7455574e-01
  -1.4148291e+00  -1.2402754e+00
   1.7743798e-01  -1.0602102e+00
  -1.4226113e+00  -9.6963997e-01
  -1.9719642e+00  -6.9477267e-01
  -1.0408085e-01  -1.7089562e+00
  -1.1812363e+00  -2.7116921e-01
  -1.2290336e+00  -3.0179420e-01
  -2.1071088e+00  -4.8801599e-01
  -6.2011954e-01  -6.7421975e-01
  -4.3217357e-01  -1.0721248e+00
  -6.1840438e-01  -1.0484754e+00
  -7.4290509e-01  -9.2019173e-01
  -1.1736198e+00  -3.9002133e-01
  -1.3294854e+00  -2.4808128e+00
   1.7444066e+00  -4.8919066e-02
   1.0014570e+00  -1.4724419e+00
   1.7789124e+00  -1.1211008e+00
   1.6672422e+00   1.2204553e+00
   6.5522345e-01   2.3689014e+00
  -2.1409641e-01   1.1419679e-01
   2.7272453e+00  -2.4652294e+00
   2.1479563e+00  -2.1887880e-01
   1.6922471e+00  -1.7772533e+00
   1.2129102e+00  -1.6326618e+00
   1.4152897e+00  -9.2870187e-01
  -2.0254440e+00   1.0472278e+00
  -3.1349135e+00   6.2047869e-01
  -1.4326467e+00   1.0339392e+00
   9.9926579e-01   1.6771912e+00
   1.0153638e+00   1.2267239e+00
   1.4450460e+00   1.1619781e+00
   1.9488964e+00   1.8963519e+00
   1.6773015e+00   3.1140996e-01
   1.3352289e+00   1.8781573e+00
  -8.4242104e-01  -2.6656933e-01
  -1.2898016e+00   1.0120809e-01
  -1.5258973e+00   1.0015928e+00
   5.7602848e-01   5.7833743e-01
  -1.7209590e+00   2.6485913e-01
   4.0691049e-01   8.0012215e-01
  -1.5836245e+00   1.4742872e+00
  -1.0037094e+00   1.3482512e+00
  -1.4390095e+00  -3.9338434e-01
  -8.4154169e-01   5.0046010e-01
   2.8934554e-01   1.4248486e+00
  -9.7571399e-01   5.1850220e-02
  -1.6342697e+00   1.4183872e+00
  -1.2029260e+00   1.6450895e+00
  -3.5194719e-01   4.2124332e-01
  -9.4654909e-01   1.4364418e+00
   1.0133132e-01   1.1210008e+00
   1.1686298e+00  -8.0896503e-01
   2.2450210e+00  -7.9664411e-01
   1.8239848e+00  -1.0671932e-01
   2.5744536e+00   1.7283550e-01
   1.6060912e+00  -9.6826864e-01
  -1.3990535e+00   2.4762192e+00
  -1.0999703e+00  -1.1380275e+00
  -1.2585788e+00  -5.6057479e-01
  -9.7442350e-01  -1.4341253e+00
  -1.3222098e+00  -2.5653197e+00
  -1.8568220e+00  -5.4562850e-02
  -5.2377210e-01   8.2162335e-01
   1.4254268e-01   1.5049245e-01
  -9.8057336e-01   1.3280119e+00
  -2.0018167e+00   7.3425512e-01
  -7.5946684e-01   2.1850451e+00
  -1.1768729e+00   8.3208295e-01
  -4.6000446e-01   1.0718456e+00
  -2.5668994e+00  -2.1053541e-01
  -6.6328952e-01  -1.0613168e+00
  -9.9012715e-01  -5.0861255e-01
  -2.6898742e-01  -1.3543719e+00
  -7.8556761e-01  -1.6966876e+00
  -1.6902918e+00  -8.1436319e-01
  -5.5974954e-01  -1.3375691e+00
  -9.2097974e-01  -1.2600085e+00
  -1.0357063e+00  -1.4267452e+00
  -1.3603051e+00  -1.3251990e+00
  -9.9685444e-01  -1.6178308e+00
   1.4722513e+00  -6.5537222e-01
   7.9792313e-01  -1.4965947e+00
  -9.3460348e-01   1.3397808e+00
  -7.6160218e-02   1.5712625e+00
  -8.1736558e-02   1.0233781e+00
  -6.5697212e-01   1.6478968e+00
  -4.6553043e-01  -5.1083260e-01
   5.0240112e-01  -1.4060666e+00
  -1.9196134e+00  -3.8282516e-01
  -1.1455123e+00  -1.1604380e+00
  -9.4646168e-01  -2.3559223e-02
  -2.1270303e-01  -2.0857107e+00
  -1.2528205e+00  -6.5424591e-01
  -1.6547267e+00  -1.0124426e+00
  -1.3969347e+00  -1.7219598e+00
  -9.8001904e-01  -5.6136637e-01
  -1.5063546e+00  -9.0154088e-01
  -5.2396770e-01  -6.8482095e-01
  -1.5912698e+00   1.5420609e+00
   2.3706945e-01   9.8091468e-03
   5.0375942e-01   9.8488261e-01
  -7.6312853e-01   1.9110843e+00
  -4.1238912e-01   4.9414765e-01
  -1.8308002e-01   6.5952282e-02
  -2.0924213e+00   1.4249450e+00
  -5.6068011e-01   6.1538653e-01
  -9.9571100e-01  -1.7564372e-01
  -1.2641298e+00   1.4909767e+00
  -1.2494218e+00   1.0227834e+00
   2.2643421e-01  -1.9700558e-02
  -8.0794146e-01   1.9073631e+00
  -2.1454224e-01   9.0882305e-01
  -2.1947724e-01   2.4553397e+00
  -1.3000578e+00   7.6742116e-01
  -8.2842304e-01  -1.0854015e+00
  -8.1552402e-01  -2.2010599e+00
  -1.1897041e+00   1.8416983e-01
  -1.3728942e-03  -3.8599887e-01
  -2.8917795e-01  -1.4246938e+00
  -1.3856573e+00  -5.9059692e-01
   1.9658550e-01  -1.3084394e+00
  -1.1699833e+00  -9.9196100e-02
  -5.6655829e-01  -1.5567074e+00
  -1.0202261e+00  -4.9252549e-01
  -7.2786794e-01  -1.7627109e+00
  -1.3179881e+00   5.2696331e-02
  -1.9542867e+00  -1.3426245e+00
  -1.1767340e+00  -1.3251303e+00
  -2.8449429e-01  -3.1188733e-01
   3.3889693e-01  -8.0781860e-01
  -1.0547303e+00  -1.5864345e+00
  -1.0766354e+00  -7.5955993e-01
  -7.5672109e-01  -7.1543700e-01
  -1.9904282e+00  -1.0986032e+00
  -1.5092128e-01  -1.6185284e+00
  -5.3095855e-01   1.1552768e+00
  -4.5811356e-01   1.4595008e+00
  -1.4181904e+00   6.8240116e-01
  -1.7569655e+00   5.6350627e-01
  -6.0526799e-01   9.9608775e-01
   1.7228176e+00  -3.2269763e-01
   5.2452948e-01  -7.5755863e-01
  -1.0830484e+00   1.0917917e+00
   3.8213165e-01   1.2895841e+00
  -7.7529360e-01   6.1329739e-01
   1.1290664e+00  -9.7767535e-01
   2.0266444e+00  -1.2432645e+00
  -9.5041694e-01   5.2076512e-01
  -2.5223139e-01   1.9758060e+00
  -1.4056301e+00   4.0840736e-01
  -1.1215615e+00   2.0414106e+00
  -1.6958944e+00   1.2486157e+00
  -8.2767713e-01   1.0477888e+00
  -1.4440812e-01   8.8099473e-01
  -1.7144212e+00  -6.1374876e-01
   1.6996830e+00  -2.0237972e+00
   1.3091559e+00  -4.0590326e-01
   3.0180381e+00  -6.6919967e-01
   1.1776011e+00  -1.5061746e+00
  -2.2748348e+00   1.0132051e+00
   5.7568994e-02   5.7319015e-01
  -1.3508934e+00  -7.2761775e-02
  -1.6376098e+00  -6.7667604e-01
  -1.1873318e+00  -3.6090019e-01
  -1.5148081e+00  -6.1579161e-01
  -8.9851241e-01   3.0888034e-01
  -7.9513849e-01  -9.0736473e-01
  -1.3692947e-01  -8.0772914e-01
  -1.0406210e+00  -2.0929682e+00
  -9.1645843e-01  -7.7138685e-01
  -7.8973957e-02  -1.3142581e+00
   2.0929160e+00   1.8837023e-01
  -2.5365439e+00   5.7386374e-01
  -5.3553869e-01   1.6160933e+00
  -1.5759737e+00   4.7936244e-01
  -1.6161130e-01   1.9494405e+00
  -9.9698454e-01   1.6818305e+00
  -1.4597927e+00   1.0451247e+00
  -1.1603590e-01  -1.8752693e+00
   1.3492198e+00  -7.6437116e-01
   1.4289293e+00   1.3389221e+00
   1.1300625e+00   1.8424756e+00
   9.6246914e-01   1.6534649e+00
   9.3536761e-01   3.0740968e+00
   7.4784182e-01   1.5567861e+00
   1.7570630e+00   1.3120274e+00
   9.9961696e-01   1.8776200e+00
   1.1406185e+00   8.6740502e-01
   1.0707832e+00   1.3198282e+00
   1.6861050e+00   2.1293221e+00
   9.7435890e-01   2.8627230e+00
  -1.1669413e+00   1.0461236e+00
  -6.3823362e-01   1.2371576e+00
  -3.8985573e-01   1.6406721e+00
   7.4689634e-01   1.4410182e+00
  -1.3703345e+00   2.0143285e+00
   5.2471801e-01   1.7875598e+00
   1.1975702e+00   1.0183900e+00
   6.0080846e-01   1.6862259e+00
   1.8819305e+00   9.5793168e-01
  -3.9138584e-01   1.5090730e-01
  -3.2777840e-01   8.1235307e-01
   1.9317204e+00   1.2855554e+00
   1.1061200e+00   2.2111002e-01
   9.2522023e-01   2.4420509e+00
  -1.6192711e+00   8.4573193e-01
   7.6426193e-01   1.6547734e+00
   1.9260086e+00   1.3233156e+00
  -1.8293132e+00   1.6365279e+00
  -1.1177328e+00   1.6527573e+00
  -1.0537374e+00   6.6811836e-01
  -1.0431185e+00  -1.3292726e+00
   3.1913519e+00  -1.2733864e+00
   2.0268857e+00  -1.0868324e+00
   2.0802338e+00  -7.9806258e-01
  -9.0277761e-01   1.5939824e+00
  -1.2041873e+00  -7.1474949e-01
  -7.4539173e-01  -6.5901020e-01
  -9.2939532e-01  -4.5226535e-01
  -6.4224222e-01  -2.0512323e+00
  -2.0816691e+00  -1.2312015e+00
  -9.0203239e-01  -2.2316483e-01
  -8.0631696e-01  -1.9254997e+00
  -1.4671028e+00  -1.5908958e+00
   3.2307342e-01  -2.7818000e+00
  -6.8071403e-01  -7.3549859e-01
  -4.9258197e-01  -1.6164852e+00
  -1.8763735e+00  -6.0812922e-01
  -5.6533664e-01  -5.3487794e-01
  -2.2987198e+00  -1.7201369e+00
  -1.5630543e+00  -1.3171583e+00
  -1.3999561e+00  -8.9405397e-01
  -9.0639594e-01   2.2829529e-01
  -1.3006380e+00  -1.4060629e+00
  -6.2191564e-01  -3.5780774e-01
  -1.0946765e+00  -6.2454335e-02
  -9.3876116e-01  -1.3022731e+00
   1.1193612e-02  -7.1831442e-01
  -7.3832043e-01  -1.5369521e+00
  -1.6677551e+00  -6.3880728e-01
  -7.0997152e-01  -1.4819718e+00
  -1.9257682e-01   4.1945081e-01
  -5.8581780e-01  -6.4228249e-01
  -1.2108453e+00  -1.2032923e+00
   9.4392107e-01   1.4631306e+00
   1.5728537e+00   2.1068970e+00
   2.2649723e+00   2.4574007e+00
   1.0895915e+00   2.2997426e+00
  -1.5878089e+00   1.4501311e-01
  -1.3163643e+00   5.6784202e-01
  -1.8005677e+00   1.2614976e+00
  -3.5870805e-01  -5.4713340e-01
  -8.8781045e-01  -3.8596681e-01
   7.4189956e-02  -7.9751019e-01
  -1.1602793e+00  -1.4650575e+00
  -1.3260149e+00  -1.6846641e+00
  -1.4646618e+00  -1.7765840e+00
  -1.6370654e+00  -5.4823900e-01
  -1.3310692e+00  -1.2265781e+00
  -1.5233965e+00   1.5082051e-01
  -2.9466736e+00  -1.0974792e-02
  -1.5631383e+00  -6.0269684e-01
  -1.3769118e+00  -2.4527032e-02
  -1.7549245e+00  -1.4236718e+00
  -3.3981956e-01   1.4262222e+00
  -5.9716278e-04   3.0524833e+00
   1.8090539e+00   2.4511942e+00
   1.4239888e+00   1.3974766e+00
   4.1698522e-01   1.5683127e+00
   3.5984799e-01   1.2029987e+00
   1.2352786e+00   1.9919204e+00
   5.4861851e-01   1.9078351e+00
  -3.3220026e-01   1.7152498e+00
  -1.7442157e-01   6.6969090e-01
  -1.0154640e+00   8.7234962e-01
  -7.5249802e-01   6.6133491e-01
  -1.3307423e+00   1.8135412e-01
  -7.6133864e-01   5.7145523e-01
  -1.2170044e+00   6.7463742e-01
  -1.3233280e-01   1.1959281e+00
  -1.2886987e+00   3.8880594e-01
  -1.0844127e+00  -4.4048447e-01
  -2.4659723e+00   3.9804307e-01
  -1.2343355e+00  -1.7711160e-02
  -7.6027436e-01  -6.3104093e-01
  -2.6684223e-01  -3.1127702e-01
  -1.2117708e+00  -1.0333576e+00
  -1.5798114e+00  -1.3031698e+00
   2.4191286e-01  -1.7514984e+00
  -1.1118999e+00  -7.0700146e-01
  -3.9648379e-01  -6.3905955e-01
  -1.1468081e+00  -2.4355852e-01
  -2.0085212e-01   9.6936497e-02
  -1.0871535e+00  -7.5643750e-01
   1.7770907e-01  -8.7124251e-01
  -9.0722115e-01  -2.9086528e-01
  -7.0789507e-01   4.4159015e-02
  -2.6042228e+00  -1.0557382e+00
  -6.8957453e-01  -1.3942091e+00
  -1.5407097e+00  -1.3629375e+00
  -1.4088166e-01  -8.3221718e-01
  -1.4228459e+00  -1.8753921e+00
  -1.0226891e+00  -2.3513666e-01
  -4.0935784e-01  -2.5792495e+00
  -7.0318648e-01   2.5818826e-01
  -1.3176522e+00  -1.0866416e+00
  -1.9791002e+00  -1.2242464e+00
  -1.8688095e+00  -1.2097005e-01
  -7.5985034e-01  -1.4991817e-01
  -6.5427980e-01  -9.4060949e-01
  -1.4608404e+00  -1.5298756e-01
  -7.1649449e-01  -8.4022565e-01
  -8.3502448e-01  -2.4646982e+00
  -1.0539544e+00  -8.1460330e-01
  -5.8678768e-01  -4.8268169e-01
  -1.7183126e+00  -1.0520917e+00
  -2.0464949e+00  -2.0720644e+00
   2.2938731e-01  -8.7332058e-01
  -8.7843429e-01  -1.3932447e+00
  -8.6547605e-01  -7.4430350e-01
  -1.3547203e+00  -5.8137376e-01
  -7.1289857e-01  -7.9217698e-01
  -1.0539135e-01  -6.6100049e-01
  -2.3029216e-01  -1.0486635e+00
  -1.2419698e+00  -1.0575852e+00
  -5.0941669e-01  -1.4913052e+00
  -9.2949406e-01  -1.4779620e+00
  -5.5060946e-01  -3.5410539e-01
  -1.8911188e-01  -9.5407842e-01
  -1.6930489e-01  -7.2239860e-01
  -7.3481712e-01  -7.1237528e-01
  -5.4298693e-01  -4.3792827e-01
  -8.4605796e-01  -1.4410575e+00
  -3.7299876e-01  -1.2799842e-01
  -5.5899019e-01  -3.3943030e-01
  -2.5793713e+00  -1.7112969e+00
  -1.4273604e+00  -7.2633944e-01
  -1.3271378e+00  -1.5251871e+00
  -1.6219130e+00  -1.2014504e+00
   1.0281853e+00  -1.0605574e+00
   7.4009113e-01  -1.9790102e+00
   1.5262274e+00  -1.4661407e+00
   6.8757025e-01  -1.2192277e-01
   2.2035662e+00  -1.5235107e+00
   1.7501292e+00  -2.4496740e-01
   1.1330268e+00  -2.0607988e+00
   1.2432604e+00  -1.0874722e+00
   1.4606526e+00  -2.3578496e-01
   2.2236641e+00  -2.0589377e+00
   1.3407719e+00  -5.9253667e-01
   1.2366957e-01   2.4392974e+00
  -1.9322083e-01   6.5401494e-01
   3.4232086e-01   1.7121218e+00
   1.4091532e+00   1.4437921e+00
   1.8176571e+00   2.0743767e+00
   1.0238827e+00   1.2356246e+00
   9.0997622e-01   8.6655452e-01
   9.9151665e-01   2.6783421e+00
   3.3433208e-01   9.4594381e-01
   1.4129348e-01   1.6977275e+00
   1.9405602e+00   1.0859956e+00
   1.1960982e+00   2.3947189e+00
   1.5856160e+00   1.0824559e+00
   7.7636368e-01   1.3847164e+00
   1.1792132e+00   2.3047624e+00
  -1.3835852e+00  -1.3356923e+00
  -1.2416612e+00   7.3344343e-01
  -1.4025612e+00   1.7862490e+00
  -7.6744073e-01   8.1420717e-01
  -1.3419164e+00   6.4501979e-01
  -1.4160026e+00   7.7680435e-01
  -9.8190065e-01   4.6155624e-01
  -2.0443065e+00   2.3531530e+00
  -1.1050977e+00  -6.8023901e-01
  -5.1649448e-01  -6.7166700e-01
  -1.3730678e+00  -5.3611662e-01
  -1.2090994e+00  -1.0759638e+00
  -7.8725977e-01  -1.5117344e-01
  -9.7854745e-01  -8.1481845e-01
  -6.4879764e-01  -5.2273265e-01
  -1.0179892e+00  -5.3408159e-01
  -1.0819321e+00  -1.4234605e+00
   7.2367973e-01  -1.1668218e+00
   7.5344326e-01  -9.4284542e-01
   1.4058123e+00  -4.9374970e-01
   1.7861832e+00  -5.5993976e-01
   1.6487839e+00  -1.9845937e+00
   1.5622568e+00  -6.7089003e-01
   1.0898066e+00  -1.5226025e+00
   1.5855234e+00  -5.2862499e-01
   1.6443008e+00  -1.0008423e+00
   9.8675040e-01  -9.6884131e-01
   2.6873377e+00   3.8851960e-01
   5.2246339e-01  -4.5644079e-02
   1.9622263e+00  -1.4912741e+00
   1.7435655e+00  -1.3211125e-01
   1.7868211e+00  -1.2218156e+00
   1.2762156e+00  -6.8840266e-01
   1.9928458e+00  -6.4673727e-01
   1.3034113e+00  -8.9215857e-01
   2.3652705e+00  -1.8327218e+00
   2.5298563e+00   9.4542351e-01
   2.4957161e+00   1.8579152e+00
   8.3277169e-01   1.1285731e+00
   1.4565414e+00   2.2121205e+00
   1.5276923e+00   1.4291504e+00
   8.7955832e-01   1.5981316e+00
   4.1642293e-01   1.3723559e+00
   2.8451465e+00   9.0637051e-01
   1.5965954e+00   1.1921100e+00
   1.0753584e+00   8.9165404e-01
   1.1103582e-01   2.1978325e+00
   8.9359202e-01   2.0096703e+00
   1.7362361e-01   1.5346047e+00
   1.5918331e+00   1.5562723e+00
   1.6168477e+00   3.0628867e+00
   3.5796502e-01   1.6505044e+00
   9.2333911e-01   1.1019712e+00
   1.6484466e+00   2.1889977e+00
   6.0489109e-01   2.5475306e+00
   3.5378968e-01   1.5334624e+00
  -1.9221588e+00   2.0647611e-01
  -1.1068963e+00   1.2354305e+00
   3.4958363e-01   1.4662755e+00
  -1.2810117e+00   9.2541654e-01
  -5.9327377e-01   1.4647366e+00
  -1.1871714e+00  -4.4378076e-01
  -7.2962581e-01  -1.3329218e+00
  -1.0152673e+00  -1.4201072e+00
  -1.5339161e+00  -2.2394068e-01
  -5.1546379e-01  -1.6310079e+00
  -1.0953329e+00  -1.1772395e-01
   1.3901180e+00   1.0263755e+00
   1.2754287e+00   1.6143802e+00
   2.8216730e+00  -9.4591777e-01
  -8.6205977e-01   5.8526977e-01
  -8.9389407e-01   2.8076564e+00
  -1.5343083e+00   1.6385529e+00
   1.2377937e+00   5.3984009e-01
  -9.1909427e-01   5.3744055e-01
  -8.5216172e-01   3.1971303e-01
  -1.9051542e+00   8.8712612e-02
   1.7324510e+00  -1.0929907e+00
   8.1176791e-01   2.0782857e+00
   2.0654654e+00  -1.9957814e+00
   2.3507477e+00   4.6906424e-01
   1.5735602e+00  -4.4723644e-01
   1.9519363e+00  -1.3356587e+00
   1.4929138e+00  -7.7925641e-01
   1.9709765e+00  -2.7701222e-01
   1.9922025e+00  -8.8440855e-01
   5.8395541e-01   1.1637400e+00
   8.4853979e-01   8.7150735e-01
   8.2765439e-01   7.3237255e-01
  -1.7573709e+00   1.0618829e+00
  -1.4129291e+00   1.7126270e+00
  -1.2406688e+00   1.1342013e+00
  -4.5193216e-01   2.7650749e+00
  -1.8978075e+00   1.7390367e-01
  -1.2516727e+00   7.9277572e-01
  -8.9466069e-01   1.7066942e+00
  -1.2106099e+00   1.7873343e+00
  -6.9980531e-01  -1.7080760e+00
  -2.3837780e+00  -9.2905106e-01
  -2.2771771e+00  -4.3036074e-01
   1.9704863e-01  -1.5050517e+00
   5.4427047e-01  -1.0501375e+00
  -1.6294599e+00  -1.0368112e+00
  -1.0127867e+00  -1.3637520e-01
  -3.3738970e-01  -6.1025790e-01
  -3.6439424e-01  -7.1651644e-01
  -7.5323283e-01  -8.5499088e-01
  -1.3124110e+00  -1.4010437e+00
  -1.4065465e+00  -6.0586840e-03
   1.3124404e+00  -9.4544842e-01
   2.5413773e-01  -1.5411841e+00
   5.1377066e-01   1.8621342e-01
   1.3061046e+00  -1.3306278e+00
   1.5155591e+00  -7.0471982e-01
  -1.5911507e-02  -1.4673154e+00
   2.0809497e+00  -1.0320434e+00
   1.1998616e+00  -5.2152132e-01
   1.6636022e+00  -2.0709614e+00
   8.0518351e-02   3.5990494e-01
  -8.3985711e-01   5.6959078e-01
  -8.5942392e-01   2.3125342e-01
  -1.7609451e+00   1.1164176e+00
  -1.1501015e+00   7.9375430e-01
  -9.3957188e-01   5.3081754e-01
  -1.4344000e+00   7.2437567e-01
  -9.4573546e-01   2.1664037e+00
  -1.0601102e+00   4.1109120e-01
  -9.6218671e-01   5.3754347e-01
  -1.3777194e+00   7.7792103e-01
   1.7648878e+00  -8.0044616e-01
   1.3350801e+00  -7.8844577e-01
   1.4756451e+00  -1.4985964e+00
  -1.3972232e+00   8.3339410e-01
  -1.0234360e-01   7.6727528e-01
  -6.2363203e-01   1.1053637e+00
  -7.5791203e-01   1.3542195e+00
  -1.6512401e+00   7.7644111e-01
